  3 40.3 31.0 80.3 116.5 78.6 73.8
219 41.0 31.0 77.4 119.0 74.7 70.8
147 40.3 30.3 84.5 125.5 79.3 73.6
152 38.4 29.6 74.0 109.0 71.9 66.4
 82 38.3 29.7 76.8 113.0 74.0 69.0
 96 39.4 30.0 82.6 123.0 74.4 70.5
 35 38.3 30.1 74.3 110.5 72.6 66.2
264 38.6 31.4 78.4 115.5 75.8 68.4
195 40.6 29.5 77.2 114.5 74.9 69.1
 86 37.5 29.0 74.6 109.5 72.8 67.0
125 41.4 30.5 82.3 123.0 78.7 71.5
 94 39.4 31.4 79.6 117.5 75.4 68.9
260 40.9 31.2 82.0 121.0 77.6 72.5
 72 36.2 27.9 75.0 108.0 70.9 65.4
123 37.3 29.1 76.2 115.0 73.6 68.5
242 39.7 31.4 77.7 115.0 75.5 68.2
 51 36.9 30.1 72.8 109.5 71.5 65.3
110 37.3 29.4 75.3 112.0 72.5 67.6
183 38.9 28.8 74.3 113.0 73.8 70.0
149 40.2 29.7 77.8 116.5 75.3 69.6
214 38.9 31.2 78.3 116.5 75.7 68.4
155 37.4 28.9 73.3 109.5 70.4 66.1
207 39.5 29.7 78.6 116.0 75.5 68.9
190 37.2 28.9 73.9 107.0 71.5 66.2
 20 39.3 30.2 75.6 114.0 74.8 69.3
 22 37.8 31.2 76.0 112.5 74.6 67.7
 67 39.5 30.1 80.9 118.5 76.8 70.8
158 38.6 29.3 75.3 113.5 75.2 69.3
241 40.5 29.3 76.7 113.5 74.7 68.2
171 37.6 29.6 79.6 120.0 74.9 70.1
170 37.8 30.3 74.9 111.0 74.8 66.8
168 39.7 30.1 75.4 112.0 73.4 68.3
238 37.2 28.3 76.4 111.0 71.4 65.8
245 37.4 28.3 65.0  97.5 64.5 57.6
133 37.9 29.5 74.9 111.5 71.8 66.7
 43 39.3 30.0 79.2 116.0 77.4 71.0
117 39.2 29.7 82.8 126.5 78.0 73.4
202 40.1 30.9 81.0 120.0 77.8 72.2
194 37.7 29.8 74.2 111.0 72.4 66.1
 98 39.3 29.9 74.5 110.5 71.6 67.0
273 39.1 30.7 75.7 114.0 76.0 69.2
  1 37.8 29.2 74.7 112.0 73.7 66.5
217 37.6 30.8 78.3 115.0 72.1 67.1
129 37.9 30.1 82.5 121.5 75.7 72.5
192 37.3 29.8 74.8 111.0 71.8 66.3
143 39.1 30.4 83.2 123.0 79.0 73.0
119 36.3 28.0 74.6 109.0 70.7 65.1
205 38.1 29.0 72.3 107.0 71.8 65.3
261 37.5 29.4 76.0 111.0 72.1 65.3
263 39.5 29.4 75.0 110.5 68.9 65.8
167 37.5 31.5 76.2 114.5 74.5 68.7
246 40.0 31.5 80.3 119.5 78.6 72.3
 27 37.4 29.0 75.9 112.0 74.0 68.1
  6 39.7 30.8 78.2 118.0 76.3 71.2
255 40.1 29.3 76.6 113.0 72.3 66.8
 39 40.5 31.5 78.9 119.0 75.9 70.5
166 38.5 31.0 82.7 120.0 77.8 71.2
 44 39.3 30.3 76.7 115.5 75.9 69.7
105 38.1 29.2 76.0 113.0 71.3 65.8
  4 38.9 30.5 74.8 111.0 72.2 66.6
161 40.4 30.2 84.3 123.0 80.6 74.8
 36 40.2 31.3 77.7 118.0 77.1 71.1
146 38.3 30.7 81.3 119.0 77.8 70.5
 42 36.3 28.2 76.0 109.0 72.9 67.5
 30 37.1 29.0 71.6 106.5 72.4 66.0
271 39.4 30.7 77.5 114.5 75.5 68.1
 85 38.2 30.5 76.2 113.5 73.9 68.3
 56 37.7 29.8 78.0 115.0 74.6 69.2
 32 36.8 29.4 72.3 114.5 70.7 66.8
258 39.6 30.2 74.7 110.0 73.6 67.7
 59 40.4 31.1 79.3 117.5 79.0 72.8
218 40.7 32.2 78.7 117.0 75.5 68.7
 64 41.2 30.3 85.0 126.5 81.0 74.8
150 38.7 28.7 79.9 117.0 74.9 68.8
210 39.5 30.0 81.0 118.0 76.9 70.5
126 40.9 30.6 77.2 114.5 76.2 69.6
253 37.6 28.1 73.1 108.0 70.2 64.1
 40 37.2 29.6 75.8 107.5 72.5 66.1
165 39.8 31.1 78.9 116.0 76.9 69.6
 28 38.5 30.5 76.7 114.0 75.2 69.4
270 36.6 28.1 73.8 109.5 72.3 66.6
 84 39.8 29.7 80.7 118.0 78.6 73.4
226 38.6 28.9 74.7 109.0 71.5 65.8
172 39.9 30.2 77.1 114.5 75.5 69.5
193 36.8 27.4 70.9 103.5 68.0 62.8
 38 39.4 30.0 76.7 114.0 75.0 68.3
142 37.8 28.9 79.2 118.0 74.7 70.5
211 39.1 30.8 79.2 117.5 76.6 69.6
137 40.0 30.5 84.9 127.0 79.1 73.9
109 39.3 29.4 75.7 113.5 73.4 68.3
216 38.0 29.0 72.6 108.0 68.7 63.2
274 39.7 30.1 77.2 115.5 74.2 68.0
151 39.6 31.1 78.6 116.5 75.5 69.6
236 37.7 29.8 76.1 112.0 73.2 66.7
180 38.7 29.2 76.2 115.0 73.5 68.2
184 38.3 29.9 75.7 115.5 73.3 68.4
 77 39.3 30.3 77.5 116.5 75.3 70.0
268 39.0 28.4 76.4 114.0 73.7 68.3
266 40.7 29.9 78.9 115.5 74.2 68.7
118 38.2 29.1 78.8 116.5 74.8 69.7
200 38.0 29.3 76.2 114.5 72.3 67.0
  7 39.1 30.8 80.6 118.0 80.0 73.2
175 38.3 29.9 75.1 111.5 73.8 67.8
174 38.9 29.2 76.8 115.0 74.9 68.8
 12 40.2 30.1 75.5 116.0 75.6 71.3
130 38.3 28.8 78.6 112.0 72.6 67.2
215 39.0 30.3 76.9 115.0 76.8 70.5
140 38.5 28.9 77.1 113.5 73.0 67.3
252 37.8 28.5 70.8 105.0 69.1 64.7
231 41.6 29.8 80.1 118.5 75.5 69.9
234 38.7 31.1 81.0 121.0 76.8 70.2
 16 39.0 30.6 79.9 119.5 78.3 73.0
124 38.3 29.5 76.1 118.5 73.5 67.8
 70 37.9 28.5 76.8 113.5 74.3 66.5
198 39.7 31.2 78.9 119.0 77.3 72.5
113 36.5 29.8 78.6 117.0 76.6 72.1
138 39.9 31.4 75.5 116.5 73.8 69.3
 66 39.5 30.1 77.8 115.0 74.9 69.1
259 38.9 29.4 74.3 110.0 72.1 66.4
269 40.3 32.2 79.6 120.5 77.6 72.4
244 39.2 31.2 78.1 116.5 74.5 68.7
233 38.5 28.9 80.1 118.0 75.2 68.9
272 38.9 29.2 73.7 107.5 71.5 64.8
 58 39.2 29.0 77.5 117.5 77.4 70.7
148 39.4 30.0 78.0 112.5 74.4 68.6
 52 38.7 29.7 79.9 117.5 76.6 71.3
 37 40.5 31.3 72.3 109.0 72.8 66.6
 97 39.0 30.2 77.8 116.0 74.7 68.9
213 39.2 30.5 79.7 119.0 77.8 70.5
127 37.6 30.5 81.1 122.0 77.2 70.7
262 39.4 30.0 77.8 119.0 75.8 69.9
 24 40.0 29.9 77.8 111.5 74.6 69.9
132 40.3 30.4 76.4 115.0 73.9 69.5
179 37.8 30.2 80.0 117.0 75.1 67.8
 26 39.3 29.8 78.7 117.5 74.8 67.7
 47 37.8 29.4 73.8 108.5 72.4 66.1
176 37.5 27.4 75.3 113.0 73.3 67.4
235 37.5 30.0 78.8 117.5 75.9 69.5
128 39.3 30.6 78.4 118.0 76.4 71.4
108 39.2 29.2 77.2 115.0 74.5 69.3
224 38.4 29.1 76.6 114.5 72.8 67.8
 63 40.1 30.0 80.0 122.0 77.0 71.4
 57 39.6 30.5 81.0 120.0 79.4 72.0
135 38.5 28.7 77.4 117.0 74.6 69.3
 75 37.7 31.2 79.1 116.5 76.2 70.0
197 39.4 29.9 76.5 111.0 71.8 66.0
186 36.6 28.9 72.3 107.0 68.8 66.8
103 36.8 27.3 73.3 109.0 70.3 65.7
 81 38.2 29.9 80.5 120.5 75.7 70.6
154 38.8 28.5 76.8 113.5 74.0 69.0
136 38.6 30.0 80.3 118.0 77.2 72.4
 33 42.4 32.7 87.7 130.5 85.0 77.2
163 38.3 29.8 75.1 112.5 71.5 66.1
 87 39.8 30.2 84.9 125.0 78.4 72.3
 91 37.8 28.7 76.6 112.0 74.3 68.4
187 38.6 29.7 74.2 112.0 73.9 68.6
239 40.1 32.0 81.5 123.5 79.5 72.8
145 39.5 29.5 80.8 120.0 76.1 71.4
 68 36.7 28.8 76.6 114.5 75.0 69.7
227 40.2 30.5 80.5 119.5 76.7 70.7
 11 39.7 31.0 78.6 119.0 76.2 71.5
141 37.3 29.2 76.9 115.5 72.9 67.9
229 39.8 28.6 71.6 105.0 69.9 64.1
 41 39.3 29.6 78.2 115.5 77.9 71.4
159 37.9 31.3 81.4 121.0 78.3 72.8
225 39.5 30.7 74.6 110.5 73.5 67.9
 53 40.2 30.9 80.1 120.0 76.5 70.9
267 37.3 28.9 74.7 108.5 69.5 63.9
 62 40.5 30.7 84.0 124.0 80.1 73.8
 19 38.8 28.6 70.4 108.0 71.8 66.1
 46 38.0 29.0 76.5 112.5 75.1 68.7
  9 39.0 29.8 77.1 118.0 75.4 69.9
230 40.1 29.3 78.8 117.0 75.0 68.9
240 38.4 30.3 76.6 112.0 72.8 65.7
 29 40.2 30.0 78.2 120.0 76.5 70.5
 55 39.8 30.4 78.0 116.5 76.5 70.2
112 37.5 28.8 73.2 110.0 69.8 66.4
153 39.1 29.3 75.7 115.0 73.4 69.1
 65 39.8 30.4 80.1 116.0 76.8 71.2
 49 39.2 29.8 75.1 112.5 73.2 67.3
220 40.5 30.5 77.0 114.0 73.6 68.5
 25 40.3 29.9 76.4 116.5 78.2 72.2
131 40.3 29.8 80.7 124.0 78.2 72.8
206 40.3 30.6 81.0 119.5 77.0 73.2
173 37.8 29.8 75.1 114.0 74.9 68.8
144 39.9 28.2 82.7 124.0 79.6 75.0
251 39.3 29.7 79.4 120.5 76.0 70.4
169 36.4 27.5 68.4 102.0 66.5 61.0
 54 39.1 30.5 77.4 116.0 75.9 69.6
104 36.6 28.3 73.4 108.5 70.1 64.3
 93 40.4 30.6 80.2 115.0 75.6 71.4
 45 37.8 28.7 72.5 107.5 70.6 65.6
115 36.3 29.4 73.0 108.0 70.0 65.9
 60 38.4 29.7 76.7 111.0 74.7 67.6
101 39.1 29.4 77.7 116.0 79.7 68.0
121 37.7 29.9 80.3 117.0 75.8 69.5
182 40.1 30.4 76.5 115.5 73.7 69.2
 74 37.6 29.0 77.7 114.0 74.2 69.8
 95 39.6 31.0 80.7 119.0 76.8 71.1
 88 37.4 30.0 75.8 114.5 73.5 67.1
248 38.7 30.0 74.2 110.5 71.6 65.0
232 35.9 28.9 72.4 105.5 70.3 64.2
 71 37.9 27.9 75.6 112.0 75.3 69.0
201 40.6 30.2 82.9 121.0 78.7 71.9
 90 39.6 30.4 78.2 118.0 75.7 70.1
 13 39.7 30.4 78.9 117.0 77.9 71.5
 99 36.2 29.2 74.2 109.0 72.0 66.0
 18 39.5 29.7 77.7 118.0 75.4 69.4
 50 38.8 31.3 82.9 123.5 78.1 72.8
 83 37.2 28.4 74.9 109.5 72.3 65.3
191 38.3 28.9 76.0 113.0 74.5 68.1
 14 38.8 30.8 77.2 116.0 75.6 69.3
221 38.8 30.1 78.4 115.5 75.0 68.7
 92 37.4 28.8 80.7 120.0 78.3 73.4
181 40.5 30.4 83.8 125.5 80.2 74.9
 48 40.6 30.3 79.0 117.0 77.4 71.8
102 38.0 28.7 75.8 115.5 76.2 70.0
212 39.7 30.4 81.2 122.5 78.5 72.3
276 39.4 30.8 80.4 118.5 77.7 70.9
188 39.4 29.5 78.2 115.0 75.1 68.8
203 39.8 29.2 78.5 119.0 75.5 69.2
162 38.3 29.3 77.1 113.0 75.2 68.8
256 37.3 29.9 74.6 109.0 72.9 64.3
 31 35.9 28.6 74.5 110.0 72.5 66.7
243 40.4 28.8 78.6 118.5 76.7 71.2
237 36.3 28.9 72.5 107.0 72.8 66.0
120 38.3 29.6 77.2 114.0 71.9 65.2
122 37.3 28.6 72.0 106.5 69.4 62.7
111 37.8 29.5 74.6 113.0 71.7 66.8
199 39.2 29.0 79.4 115.5 74.4 69.3
134 35.9 27.9 76.4 110.0 72.2 67.4
  8 38.3 29.8 74.0 108.5 72.3 66.4
 61 40.1 30.1 78.8 117.5 78.6 71.8
  5 37.6 29.2 73.2 100.5 73.6 67.3
 34 39.3 29.9 81.3 121.0 77.6 70.7
106 39.6 30.8 82.4 121.0 79.0 73.3
 23 39.6 29.9 78.3 115.5 73.7 67.5
 21 37.7 29.8 72.9 112.0 72.5 66.8
247 41.1 30.0 79.5 117.5 76.3 70.0
222 39.6 30.1 77.7 113.5 75.1 68.0
 78 39.0 30.5 76.2 111.0 70.5 65.8
 17 35.6 29.0 71.7 107.0 70.4 64.9
254 38.8 29.5 73.4 106.5 72.2 66.7
249 39.4 29.6 78.6 116.5 75.5 70.2
114 36.7 27.1 74.2 108.5 71.0 66.4
 80 37.8 30.2 75.2 114.0 74.4 69.0
196 40.8 29.9 81.2 117.5 75.7 68.6
208 38.4 30.6 75.9 115.5 74.4 66.3
  2 40.5 31.2 81.5 124.0 79.2 72.3
139 39.7 30.0 87.3 128.5 81.5 75.8
156 38.6 29.0 75.1 114.0 73.4 67.7
177 37.4 29.3 72.0 108.5 68.7 63.8
 15 38.9 30.2 78.8 118.0 75.9 71.3
 76 37.3 28.5 72.9 111.0 73.2 67.7
185 40.0 30.1 80.0 119.0 76.2 69.9
275 38.1 29.6 77.6 111.5 75.8 69.0
178 38.2 29.9 72.8 110.5 71.0 65.7
209 39.7 30.8 77.3 116.5 74.5 68.5
107 39.6 29.9 80.2 118.5 77.4 71.7
257 39.9 29.5 77.8 116.0 75.4 69.8
250 37.3 30.1 76.6 112.5 73.6 66.5
 10 39.8 31.1 82.9 122.5 80.8 73.5
160 39.2 30.0 79.0 117.0 77.3 72.0
 73 37.4 29.6 80.1 121.0 75.7 70.9
 79 39.6 28.5 76.6 115.5 74.2 68.4
228 38.6 29.9 80.5 121.5 77.5 71.9
116 37.0 28.6 79.7 113.0 73.2 69.5
 89 38.5 29.3 77.8 113.5 73.9 68.1
189 35.8 28.6 71.9 108.0 70.2 64.9
157 39.4 30.0 75.8 112.0 73.3 68.2
100 39.6 30.0 76.7 114.5 74.7 69.8
265 38.2 29.2 75.6 112.0 72.7 67.8
223 39.3 30.8 73.9 110.0 72.9 65.4
204 40.6 29.6 78.5 118.0 74.2 68.9
164 37.2 29.2 77.8 115.5 71.8 67.6
 69 39.0 29.7 79.6 122.0 77.6 72.3


